#test 2
a <- c(1,3,3,2)
b <- c(45, 78, 93,21)

a + b
